(kicad_pcb (version 20171130) (host pcbnew "(5.0.0-rc2-151-g11ab8f6dc)")

  (general
    (thickness 1.6002)
    (drawings 4)
    (tracks 66)
    (zones 0)
    (modules 15)
    (nets 14)
  )

  (page A4)
  (layers
    (0 top_cu signal)
    (31 bottom_cu signal)
    (32 B.Adhes user)
    (33 F.Adhes user)
    (34 B.Paste user)
    (35 F.Paste user)
    (36 B.SilkS user)
    (37 F.SilkS user)
    (38 B.Mask user)
    (39 F.Mask user)
    (40 Dwgs.User user)
    (41 Cmts.User user)
    (42 Eco1.User user)
    (43 Eco2.User user)
    (44 Edge.Cuts user)
    (45 Margin user)
    (46 B.CrtYd user)
    (47 F.CrtYd user)
    (48 B.Fab user)
    (49 F.Fab user)
  )

  (setup
    (last_trace_width 0.8)
    (trace_clearance 0.4)
    (zone_clearance 0.635)
    (zone_45_only no)
    (trace_min 0.2)
    (segment_width 0.381)
    (edge_width 0.381)
    (via_size 1.2)
    (via_drill 0.6)
    (via_min_size 0.8)
    (via_min_drill 0.5)
    (uvia_size 0.508)
    (uvia_drill 0.127)
    (uvias_allowed no)
    (uvia_min_size 0.508)
    (uvia_min_drill 0.127)
    (pcb_text_width 0.3048)
    (pcb_text_size 1.524 2.032)
    (mod_edge_width 0.381)
    (mod_text_size 1.524 1.524)
    (mod_text_width 0.3048)
    (pad_size 2.794 1.397)
    (pad_drill 1.9304)
    (pad_to_mask_clearance 0.1)
    (aux_axis_origin 0 0)
    (visible_elements 7FFFFFFF)
    (pcbplotparams
      (layerselection 0x000f0_80000001)
      (usegerberextensions false)
      (usegerberattributes true)
      (usegerberadvancedattributes true)
      (creategerberjobfile true)
      (excludeedgelayer true)
      (linewidth 0.150000)
      (plotframeref false)
      (viasonmask false)
      (mode 1)
      (useauxorigin false)
      (hpglpennumber 1)
      (hpglpenspeed 20)
      (hpglpendiameter 15.000000)
      (psnegative false)
      (psa4output false)
      (plotreference true)
      (plotvalue true)
      (plotinvisibletext false)
      (padsonsilk false)
      (subtractmaskfromsilk false)
      (outputformat 1)
      (mirror false)
      (drillshape 0)
      (scaleselection 1)
      (outputdirectory ""))
  )

  (net 0 "")
  (net 1 GND)
  (net 2 "Net-(C1-Pad1)")
  (net 3 "Net-(C2-Pad1)")
  (net 4 "Net-(C2-Pad2)")
  (net 5 "Net-(P1-Pad2)")
  (net 6 "Net-(P4-Pad1)")
  (net 7 "Net-(P4-Pad2)")
  (net 8 "Net-(R1-Pad1)")
  (net 9 "Net-(R2-Pad1)")
  (net 10 "Net-(P5-Pad1)")
  (net 11 "Net-(P6-Pad1)")
  (net 12 "Net-(P7-Pad1)")
  (net 13 "Net-(P8-Pad1)")

  (net_class Default "Ceci est la Netclass par défaut"
    (clearance 0.4)
    (trace_width 0.8)
    (via_dia 1.2)
    (via_drill 0.6)
    (uvia_dia 0.508)
    (uvia_drill 0.127)
    (add_net GND)
    (add_net "Net-(C1-Pad1)")
    (add_net "Net-(C2-Pad1)")
    (add_net "Net-(C2-Pad2)")
    (add_net "Net-(P1-Pad2)")
    (add_net "Net-(P4-Pad1)")
    (add_net "Net-(P4-Pad2)")
    (add_net "Net-(P5-Pad1)")
    (add_net "Net-(P6-Pad1)")
    (add_net "Net-(P7-Pad1)")
    (add_net "Net-(P8-Pad1)")
    (add_net "Net-(R1-Pad1)")
    (add_net "Net-(R2-Pad1)")
  )

  (module Valve:Valve_ECC-83-1 (layer top_cu) (tedit 5A32B2BA) (tstamp 5A334CCC)
    (at 149.225 113.665)
    (descr "Valve ECC-83-1 round pins")
    (tags "Valve ECC-83-1 round pins")
    (path /48B4F266)
    (fp_text reference U1 (at -3.45 -16) (layer F.SilkS)
      (effects (font (size 1 1) (thickness 0.15)))
    )
    (fp_text value ECC83 (at -3.45 6.68) (layer F.Fab)
      (effects (font (size 1 1) (thickness 0.15)))
    )
    (fp_text user %R (at 0 0.05) (layer F.Fab)
      (effects (font (size 1 1) (thickness 0.15)))
    )
    (fp_circle (center 0 0.05) (end 0 -10.55) (layer F.CrtYd) (width 0.05))
    (fp_circle (center 0 0.05) (end 0 -10.1) (layer F.Fab) (width 0.1))
    (fp_circle (center 0 0.05) (end 10.16 1.32) (layer F.SilkS) (width 0.12))
    (pad 1 thru_hole circle (at 3.45 4.8) (size 2.03 2.03) (drill 1.02) (layers *.Cu *.Mask)
      (net 8 "Net-(R1-Pad1)"))
    (pad 2 thru_hole circle (at 5.6 1.87) (size 2.03 2.03) (drill 1.02) (layers *.Cu *.Mask)
      (net 5 "Net-(P1-Pad2)"))
    (pad 3 thru_hole circle (at 5.6 -1.78) (size 2.03 2.03) (drill 1.02) (layers *.Cu *.Mask)
      (net 9 "Net-(R2-Pad1)"))
    (pad 4 thru_hole circle (at 3.45 -4.71) (size 2.03 2.03) (drill 1.02) (layers *.Cu *.Mask)
      (net 7 "Net-(P4-Pad2)"))
    (pad 5 thru_hole circle (at 0 -5.85) (size 2.03 2.03) (drill 1.02) (layers *.Cu *.Mask)
      (net 7 "Net-(P4-Pad2)"))
    (pad 6 thru_hole circle (at -3.46 -4.71) (size 2.03 2.03) (drill 1.02) (layers *.Cu *.Mask)
      (net 2 "Net-(C1-Pad1)"))
    (pad 7 thru_hole circle (at -5.61 -1.78) (size 2.03 2.03) (drill 1.02) (layers *.Cu *.Mask)
      (net 8 "Net-(R1-Pad1)"))
    (pad 8 thru_hole circle (at -5.61 1.83) (size 2.03 2.03) (drill 1.02) (layers *.Cu *.Mask)
      (net 4 "Net-(C2-Pad2)"))
    (pad 9 thru_hole circle (at -3.46 4.8) (size 2.03 2.03) (drill 1.02) (layers *.Cu *.Mask)
      (net 6 "Net-(P4-Pad1)"))
    (model ${KISYS3DMOD}/Valve.3dshapes/Valve-ECC-83-1.wrl
      (at (xyz 0 0 0))
      (scale (xyz 1 1 1))
      (rotate (xyz 0 0 0))
    )
  )

  (module discret:R3 (layer top_cu) (tedit 54A57B4C) (tstamp 5A33370F)
    (at 130.048 123.825 180)
    (descr "Resitance 3 pas")
    (tags R)
    (path /4549F3AD)
    (autoplace_cost180 10)
    (fp_text reference R3 (at 0 0.127 180) (layer F.SilkS) hide
      (effects (font (size 1.397 1.27) (thickness 0.2032)))
    )
    (fp_text value 100K (at 0 0.127 180) (layer F.SilkS)
      (effects (font (size 1.397 1.27) (thickness 0.2032)))
    )
    (fp_line (start -3.81 0) (end -3.302 0) (layer F.SilkS) (width 0.2032))
    (fp_line (start 3.81 0) (end 3.302 0) (layer F.SilkS) (width 0.2032))
    (fp_line (start 3.302 0) (end 3.302 -1.016) (layer F.SilkS) (width 0.2032))
    (fp_line (start 3.302 -1.016) (end -3.302 -1.016) (layer F.SilkS) (width 0.2032))
    (fp_line (start -3.302 -1.016) (end -3.302 1.016) (layer F.SilkS) (width 0.2032))
    (fp_line (start -3.302 1.016) (end 3.302 1.016) (layer F.SilkS) (width 0.2032))
    (fp_line (start 3.302 1.016) (end 3.302 0) (layer F.SilkS) (width 0.2032))
    (fp_line (start -3.302 -0.508) (end -2.794 -1.016) (layer F.SilkS) (width 0.2032))
    (pad 1 thru_hole circle (at -3.81 0 180) (size 1.397 1.397) (drill 0.8128) (layers *.Cu *.Mask F.SilkS)
      (net 3 "Net-(C2-Pad1)"))
    (pad 2 thru_hole circle (at 3.81 0 180) (size 1.397 1.397) (drill 0.8128) (layers *.Cu *.Mask F.SilkS)
      (net 1 GND))
    (model Discret.3dshapes/R3.wrl
      (at (xyz 0 0 0))
      (scale (xyz 0.3 0.3 0.3))
      (rotate (xyz 0 0 0))
    )
  )

  (module TerminalBlock_Phoenix:TerminalBlock_Phoenix_MKDS-1,5-2_1x02_P5.00mm_Horizontal (layer top_cu) (tedit 5A082035) (tstamp 5A332F3A)
    (at 145.542 131.191)
    (descr "Terminal Block Phoenix MKDS-1,5-2, 2 pins, pitch 05mm, size 10.0x9.8mm^2, drill diamater 1.3mm, pad diameter 2.6mm, see http://www.farnell.com/datasheets/100425.pdf, script-generated using https://github.com/pointhi/kicad-footprint-generator/scripts/TerminalBlock_Phoenix")
    (tags "THT Terminal Block Phoenix MKDS-1.5-2 pitch 05mm size 10.0x9.8mm^2 drill 1.3mm pad 2.6mm")
    (path /456A8ACC)
    (fp_text reference P4 (at 2.5 -6.26) (layer F.SilkS)
      (effects (font (size 1 1) (thickness 0.15)))
    )
    (fp_text value CONN_2 (at 2.5 5.66) (layer F.Fab)
      (effects (font (size 1 1) (thickness 0.15)))
    )
    (fp_text user %R (at 2.5 3.2) (layer F.Fab)
      (effects (font (size 1 1) (thickness 0.15)))
    )
    (fp_line (start 8 -5.75) (end -3 -5.75) (layer F.CrtYd) (width 0.05))
    (fp_line (start 8 5.1) (end 8 -5.75) (layer F.CrtYd) (width 0.05))
    (fp_line (start -3 5.1) (end 8 5.1) (layer F.CrtYd) (width 0.05))
    (fp_line (start -3 -5.75) (end -3 5.1) (layer F.CrtYd) (width 0.05))
    (fp_line (start -2.8 4.9) (end -2.3 4.9) (layer F.SilkS) (width 0.12))
    (fp_line (start -2.8 4.16) (end -2.8 4.9) (layer F.SilkS) (width 0.12))
    (fp_line (start 3.773 1.023) (end 3.726 1.069) (layer F.SilkS) (width 0.12))
    (fp_line (start 6.07 -1.275) (end 6.035 -1.239) (layer F.SilkS) (width 0.12))
    (fp_line (start 3.966 1.239) (end 3.931 1.274) (layer F.SilkS) (width 0.12))
    (fp_line (start 6.275 -1.069) (end 6.228 -1.023) (layer F.SilkS) (width 0.12))
    (fp_line (start 5.955 -1.138) (end 3.863 0.955) (layer F.Fab) (width 0.1))
    (fp_line (start 6.138 -0.955) (end 4.046 1.138) (layer F.Fab) (width 0.1))
    (fp_line (start 0.955 -1.138) (end -1.138 0.955) (layer F.Fab) (width 0.1))
    (fp_line (start 1.138 -0.955) (end -0.955 1.138) (layer F.Fab) (width 0.1))
    (fp_line (start 7.56 -5.261) (end 7.56 4.66) (layer F.SilkS) (width 0.12))
    (fp_line (start -2.56 -5.261) (end -2.56 4.66) (layer F.SilkS) (width 0.12))
    (fp_line (start -2.56 4.66) (end 7.56 4.66) (layer F.SilkS) (width 0.12))
    (fp_line (start -2.56 -5.261) (end 7.56 -5.261) (layer F.SilkS) (width 0.12))
    (fp_line (start -2.56 -2.301) (end 7.56 -2.301) (layer F.SilkS) (width 0.12))
    (fp_line (start -2.5 -2.3) (end 7.5 -2.3) (layer F.Fab) (width 0.1))
    (fp_line (start -2.56 2.6) (end 7.56 2.6) (layer F.SilkS) (width 0.12))
    (fp_line (start -2.5 2.6) (end 7.5 2.6) (layer F.Fab) (width 0.1))
    (fp_line (start -2.56 4.1) (end 7.56 4.1) (layer F.SilkS) (width 0.12))
    (fp_line (start -2.5 4.1) (end 7.5 4.1) (layer F.Fab) (width 0.1))
    (fp_line (start -2.5 4.1) (end -2.5 -5.2) (layer F.Fab) (width 0.1))
    (fp_line (start -2 4.6) (end -2.5 4.1) (layer F.Fab) (width 0.1))
    (fp_line (start 7.5 4.6) (end -2 4.6) (layer F.Fab) (width 0.1))
    (fp_line (start 7.5 -5.2) (end 7.5 4.6) (layer F.Fab) (width 0.1))
    (fp_line (start -2.5 -5.2) (end 7.5 -5.2) (layer F.Fab) (width 0.1))
    (fp_circle (center 5 0) (end 6.68 0) (layer F.SilkS) (width 0.12))
    (fp_circle (center 5 0) (end 6.5 0) (layer F.Fab) (width 0.1))
    (fp_circle (center 0 0) (end 1.5 0) (layer F.Fab) (width 0.1))
    (fp_arc (start 0 0) (end -0.684 1.535) (angle -25) (layer F.SilkS) (width 0.12))
    (fp_arc (start 0 0) (end -1.535 -0.684) (angle -48) (layer F.SilkS) (width 0.12))
    (fp_arc (start 0 0) (end 0.684 -1.535) (angle -48) (layer F.SilkS) (width 0.12))
    (fp_arc (start 0 0) (end 1.535 0.684) (angle -48) (layer F.SilkS) (width 0.12))
    (fp_arc (start 0 0) (end 0 1.68) (angle -24) (layer F.SilkS) (width 0.12))
    (pad 2 thru_hole circle (at 5 0) (size 2.6 2.6) (drill 1.3) (layers *.Cu *.Mask)
      (net 7 "Net-(P4-Pad2)"))
    (pad 1 thru_hole rect (at 0 0) (size 2.6 2.6) (drill 1.3) (layers *.Cu *.Mask)
      (net 6 "Net-(P4-Pad1)"))
    (model ${KISYS3DMOD}/Terminal_Blocks.3dshapes/TerminalBlock_Pheonix_MKDS1.5-2pol.wrl
      (offset (xyz 2.54 0 0))
      (scale (xyz 1 1 1))
      (rotate (xyz 0 0 0))
    )
  )

  (module TerminalBlock_Phoenix:TerminalBlock_Phoenix_MKDS-1,5-2_1x02_P5.00mm_Horizontal (layer top_cu) (tedit 5A082035) (tstamp 5A332F0F)
    (at 128.27 100.711 270)
    (descr "Terminal Block Phoenix MKDS-1,5-2, 2 pins, pitch 05mm, size 10.0x9.8mm^2, drill diamater 1.3mm, pad diameter 2.6mm, see http://www.farnell.com/datasheets/100425.pdf, script-generated using https://github.com/pointhi/kicad-footprint-generator/scripts/TerminalBlock_Phoenix")
    (tags "THT Terminal Block Phoenix MKDS-1.5-2 pitch 05mm size 10.0x9.8mm^2 drill 1.3mm pad 2.6mm")
    (path /4549F4A5)
    (fp_text reference P3 (at 2.5 -6.26 270) (layer F.SilkS)
      (effects (font (size 1 1) (thickness 0.15)))
    )
    (fp_text value POWER (at 2.5 5.66 270) (layer F.Fab)
      (effects (font (size 1 1) (thickness 0.15)))
    )
    (fp_arc (start 0 0) (end 0 1.68) (angle -24) (layer F.SilkS) (width 0.12))
    (fp_arc (start 0 0) (end 1.535 0.684) (angle -48) (layer F.SilkS) (width 0.12))
    (fp_arc (start 0 0) (end 0.684 -1.535) (angle -48) (layer F.SilkS) (width 0.12))
    (fp_arc (start 0 0) (end -1.535 -0.684) (angle -48) (layer F.SilkS) (width 0.12))
    (fp_arc (start 0 0) (end -0.684 1.535) (angle -25) (layer F.SilkS) (width 0.12))
    (fp_circle (center 0 0) (end 1.5 0) (layer F.Fab) (width 0.1))
    (fp_circle (center 5 0) (end 6.5 0) (layer F.Fab) (width 0.1))
    (fp_circle (center 5 0) (end 6.68 0) (layer F.SilkS) (width 0.12))
    (fp_line (start -2.5 -5.2) (end 7.5 -5.2) (layer F.Fab) (width 0.1))
    (fp_line (start 7.5 -5.2) (end 7.5 4.6) (layer F.Fab) (width 0.1))
    (fp_line (start 7.5 4.6) (end -2 4.6) (layer F.Fab) (width 0.1))
    (fp_line (start -2 4.6) (end -2.5 4.1) (layer F.Fab) (width 0.1))
    (fp_line (start -2.5 4.1) (end -2.5 -5.2) (layer F.Fab) (width 0.1))
    (fp_line (start -2.5 4.1) (end 7.5 4.1) (layer F.Fab) (width 0.1))
    (fp_line (start -2.56 4.1) (end 7.56 4.1) (layer F.SilkS) (width 0.12))
    (fp_line (start -2.5 2.6) (end 7.5 2.6) (layer F.Fab) (width 0.1))
    (fp_line (start -2.56 2.6) (end 7.56 2.6) (layer F.SilkS) (width 0.12))
    (fp_line (start -2.5 -2.3) (end 7.5 -2.3) (layer F.Fab) (width 0.1))
    (fp_line (start -2.56 -2.301) (end 7.56 -2.301) (layer F.SilkS) (width 0.12))
    (fp_line (start -2.56 -5.261) (end 7.56 -5.261) (layer F.SilkS) (width 0.12))
    (fp_line (start -2.56 4.66) (end 7.56 4.66) (layer F.SilkS) (width 0.12))
    (fp_line (start -2.56 -5.261) (end -2.56 4.66) (layer F.SilkS) (width 0.12))
    (fp_line (start 7.56 -5.261) (end 7.56 4.66) (layer F.SilkS) (width 0.12))
    (fp_line (start 1.138 -0.955) (end -0.955 1.138) (layer F.Fab) (width 0.1))
    (fp_line (start 0.955 -1.138) (end -1.138 0.955) (layer F.Fab) (width 0.1))
    (fp_line (start 6.138 -0.955) (end 4.046 1.138) (layer F.Fab) (width 0.1))
    (fp_line (start 5.955 -1.138) (end 3.863 0.955) (layer F.Fab) (width 0.1))
    (fp_line (start 6.275 -1.069) (end 6.228 -1.023) (layer F.SilkS) (width 0.12))
    (fp_line (start 3.966 1.239) (end 3.931 1.274) (layer F.SilkS) (width 0.12))
    (fp_line (start 6.07 -1.275) (end 6.035 -1.239) (layer F.SilkS) (width 0.12))
    (fp_line (start 3.773 1.023) (end 3.726 1.069) (layer F.SilkS) (width 0.12))
    (fp_line (start -2.8 4.16) (end -2.8 4.9) (layer F.SilkS) (width 0.12))
    (fp_line (start -2.8 4.9) (end -2.3 4.9) (layer F.SilkS) (width 0.12))
    (fp_line (start -3 -5.75) (end -3 5.1) (layer F.CrtYd) (width 0.05))
    (fp_line (start -3 5.1) (end 8 5.1) (layer F.CrtYd) (width 0.05))
    (fp_line (start 8 5.1) (end 8 -5.75) (layer F.CrtYd) (width 0.05))
    (fp_line (start 8 -5.75) (end -3 -5.75) (layer F.CrtYd) (width 0.05))
    (fp_text user %R (at 2.5 3.2 270) (layer F.Fab)
      (effects (font (size 1 1) (thickness 0.15)))
    )
    (pad 1 thru_hole rect (at 0 0 270) (size 2.6 2.6) (drill 1.3) (layers *.Cu *.Mask)
      (net 2 "Net-(C1-Pad1)"))
    (pad 2 thru_hole circle (at 5 0 270) (size 2.6 2.6) (drill 1.3) (layers *.Cu *.Mask)
      (net 1 GND))
    (model ${KISYS3DMOD}/Terminal_Blocks.3dshapes/TerminalBlock_Pheonix_MKDS1.5-2pol.wrl
      (offset (xyz 2.54 0 0))
      (scale (xyz 1 1 1))
      (rotate (xyz 0 0 0))
    )
  )

  (module TerminalBlock_Phoenix:TerminalBlock_Phoenix_MKDS-1,5-2_1x02_P5.00mm_Horizontal (layer top_cu) (tedit 5A082035) (tstamp 5A332EE4)
    (at 128.27 112.776 270)
    (descr "Terminal Block Phoenix MKDS-1,5-2, 2 pins, pitch 05mm, size 10.0x9.8mm^2, drill diamater 1.3mm, pad diameter 2.6mm, see http://www.farnell.com/datasheets/100425.pdf, script-generated using https://github.com/pointhi/kicad-footprint-generator/scripts/TerminalBlock_Phoenix")
    (tags "THT Terminal Block Phoenix MKDS-1.5-2 pitch 05mm size 10.0x9.8mm^2 drill 1.3mm pad 2.6mm")
    (path /4549F46C)
    (fp_text reference P2 (at 2.5 -6.26 270) (layer F.SilkS)
      (effects (font (size 1 1) (thickness 0.15)))
    )
    (fp_text value OUT (at 2.5 5.66 270) (layer F.Fab)
      (effects (font (size 1 1) (thickness 0.15)))
    )
    (fp_text user %R (at 2.5 3.2 270) (layer F.Fab)
      (effects (font (size 1 1) (thickness 0.15)))
    )
    (fp_line (start 8 -5.75) (end -3 -5.75) (layer F.CrtYd) (width 0.05))
    (fp_line (start 8 5.1) (end 8 -5.75) (layer F.CrtYd) (width 0.05))
    (fp_line (start -3 5.1) (end 8 5.1) (layer F.CrtYd) (width 0.05))
    (fp_line (start -3 -5.75) (end -3 5.1) (layer F.CrtYd) (width 0.05))
    (fp_line (start -2.8 4.9) (end -2.3 4.9) (layer F.SilkS) (width 0.12))
    (fp_line (start -2.8 4.16) (end -2.8 4.9) (layer F.SilkS) (width 0.12))
    (fp_line (start 3.773 1.023) (end 3.726 1.069) (layer F.SilkS) (width 0.12))
    (fp_line (start 6.07 -1.275) (end 6.035 -1.239) (layer F.SilkS) (width 0.12))
    (fp_line (start 3.966 1.239) (end 3.931 1.274) (layer F.SilkS) (width 0.12))
    (fp_line (start 6.275 -1.069) (end 6.228 -1.023) (layer F.SilkS) (width 0.12))
    (fp_line (start 5.955 -1.138) (end 3.863 0.955) (layer F.Fab) (width 0.1))
    (fp_line (start 6.138 -0.955) (end 4.046 1.138) (layer F.Fab) (width 0.1))
    (fp_line (start 0.955 -1.138) (end -1.138 0.955) (layer F.Fab) (width 0.1))
    (fp_line (start 1.138 -0.955) (end -0.955 1.138) (layer F.Fab) (width 0.1))
    (fp_line (start 7.56 -5.261) (end 7.56 4.66) (layer F.SilkS) (width 0.12))
    (fp_line (start -2.56 -5.261) (end -2.56 4.66) (layer F.SilkS) (width 0.12))
    (fp_line (start -2.56 4.66) (end 7.56 4.66) (layer F.SilkS) (width 0.12))
    (fp_line (start -2.56 -5.261) (end 7.56 -5.261) (layer F.SilkS) (width 0.12))
    (fp_line (start -2.56 -2.301) (end 7.56 -2.301) (layer F.SilkS) (width 0.12))
    (fp_line (start -2.5 -2.3) (end 7.5 -2.3) (layer F.Fab) (width 0.1))
    (fp_line (start -2.56 2.6) (end 7.56 2.6) (layer F.SilkS) (width 0.12))
    (fp_line (start -2.5 2.6) (end 7.5 2.6) (layer F.Fab) (width 0.1))
    (fp_line (start -2.56 4.1) (end 7.56 4.1) (layer F.SilkS) (width 0.12))
    (fp_line (start -2.5 4.1) (end 7.5 4.1) (layer F.Fab) (width 0.1))
    (fp_line (start -2.5 4.1) (end -2.5 -5.2) (layer F.Fab) (width 0.1))
    (fp_line (start -2 4.6) (end -2.5 4.1) (layer F.Fab) (width 0.1))
    (fp_line (start 7.5 4.6) (end -2 4.6) (layer F.Fab) (width 0.1))
    (fp_line (start 7.5 -5.2) (end 7.5 4.6) (layer F.Fab) (width 0.1))
    (fp_line (start -2.5 -5.2) (end 7.5 -5.2) (layer F.Fab) (width 0.1))
    (fp_circle (center 5 0) (end 6.68 0) (layer F.SilkS) (width 0.12))
    (fp_circle (center 5 0) (end 6.5 0) (layer F.Fab) (width 0.1))
    (fp_circle (center 0 0) (end 1.5 0) (layer F.Fab) (width 0.1))
    (fp_arc (start 0 0) (end -0.684 1.535) (angle -25) (layer F.SilkS) (width 0.12))
    (fp_arc (start 0 0) (end -1.535 -0.684) (angle -48) (layer F.SilkS) (width 0.12))
    (fp_arc (start 0 0) (end 0.684 -1.535) (angle -48) (layer F.SilkS) (width 0.12))
    (fp_arc (start 0 0) (end 1.535 0.684) (angle -48) (layer F.SilkS) (width 0.12))
    (fp_arc (start 0 0) (end 0 1.68) (angle -24) (layer F.SilkS) (width 0.12))
    (pad 2 thru_hole circle (at 5 0 270) (size 2.6 2.6) (drill 1.3) (layers *.Cu *.Mask)
      (net 1 GND))
    (pad 1 thru_hole rect (at 0 0 270) (size 2.6 2.6) (drill 1.3) (layers *.Cu *.Mask)
      (net 3 "Net-(C2-Pad1)"))
    (model ${KISYS3DMOD}/Terminal_Blocks.3dshapes/TerminalBlock_Pheonix_MKDS1.5-2pol.wrl
      (offset (xyz 2.54 0 0))
      (scale (xyz 1 1 1))
      (rotate (xyz 0 0 0))
    )
  )

  (module TerminalBlock_Phoenix:TerminalBlock_Phoenix_MKDS-1,5-2_1x02_P5.00mm_Horizontal (layer top_cu) (tedit 5A082035) (tstamp 5A332EB9)
    (at 164.592 105.283 90)
    (descr "Terminal Block Phoenix MKDS-1,5-2, 2 pins, pitch 05mm, size 10.0x9.8mm^2, drill diamater 1.3mm, pad diameter 2.6mm, see http://www.farnell.com/datasheets/100425.pdf, script-generated using https://github.com/pointhi/kicad-footprint-generator/scripts/TerminalBlock_Phoenix")
    (tags "THT Terminal Block Phoenix MKDS-1.5-2 pitch 05mm size 10.0x9.8mm^2 drill 1.3mm pad 2.6mm")
    (path /4549F464)
    (fp_text reference P1 (at 2.5 -6.26 90) (layer F.SilkS)
      (effects (font (size 1 1) (thickness 0.15)))
    )
    (fp_text value IN (at 2.5 5.66 90) (layer F.Fab)
      (effects (font (size 1 1) (thickness 0.15)))
    )
    (fp_arc (start 0 0) (end 0 1.68) (angle -24) (layer F.SilkS) (width 0.12))
    (fp_arc (start 0 0) (end 1.535 0.684) (angle -48) (layer F.SilkS) (width 0.12))
    (fp_arc (start 0 0) (end 0.684 -1.535) (angle -48) (layer F.SilkS) (width 0.12))
    (fp_arc (start 0 0) (end -1.535 -0.684) (angle -48) (layer F.SilkS) (width 0.12))
    (fp_arc (start 0 0) (end -0.684 1.535) (angle -25) (layer F.SilkS) (width 0.12))
    (fp_circle (center 0 0) (end 1.5 0) (layer F.Fab) (width 0.1))
    (fp_circle (center 5 0) (end 6.5 0) (layer F.Fab) (width 0.1))
    (fp_circle (center 5 0) (end 6.68 0) (layer F.SilkS) (width 0.12))
    (fp_line (start -2.5 -5.2) (end 7.5 -5.2) (layer F.Fab) (width 0.1))
    (fp_line (start 7.5 -5.2) (end 7.5 4.6) (layer F.Fab) (width 0.1))
    (fp_line (start 7.5 4.6) (end -2 4.6) (layer F.Fab) (width 0.1))
    (fp_line (start -2 4.6) (end -2.5 4.1) (layer F.Fab) (width 0.1))
    (fp_line (start -2.5 4.1) (end -2.5 -5.2) (layer F.Fab) (width 0.1))
    (fp_line (start -2.5 4.1) (end 7.5 4.1) (layer F.Fab) (width 0.1))
    (fp_line (start -2.56 4.1) (end 7.56 4.1) (layer F.SilkS) (width 0.12))
    (fp_line (start -2.5 2.6) (end 7.5 2.6) (layer F.Fab) (width 0.1))
    (fp_line (start -2.56 2.6) (end 7.56 2.6) (layer F.SilkS) (width 0.12))
    (fp_line (start -2.5 -2.3) (end 7.5 -2.3) (layer F.Fab) (width 0.1))
    (fp_line (start -2.56 -2.301) (end 7.56 -2.301) (layer F.SilkS) (width 0.12))
    (fp_line (start -2.56 -5.261) (end 7.56 -5.261) (layer F.SilkS) (width 0.12))
    (fp_line (start -2.56 4.66) (end 7.56 4.66) (layer F.SilkS) (width 0.12))
    (fp_line (start -2.56 -5.261) (end -2.56 4.66) (layer F.SilkS) (width 0.12))
    (fp_line (start 7.56 -5.261) (end 7.56 4.66) (layer F.SilkS) (width 0.12))
    (fp_line (start 1.138 -0.955) (end -0.955 1.138) (layer F.Fab) (width 0.1))
    (fp_line (start 0.955 -1.138) (end -1.138 0.955) (layer F.Fab) (width 0.1))
    (fp_line (start 6.138 -0.955) (end 4.046 1.138) (layer F.Fab) (width 0.1))
    (fp_line (start 5.955 -1.138) (end 3.863 0.955) (layer F.Fab) (width 0.1))
    (fp_line (start 6.275 -1.069) (end 6.228 -1.023) (layer F.SilkS) (width 0.12))
    (fp_line (start 3.966 1.239) (end 3.931 1.274) (layer F.SilkS) (width 0.12))
    (fp_line (start 6.07 -1.275) (end 6.035 -1.239) (layer F.SilkS) (width 0.12))
    (fp_line (start 3.773 1.023) (end 3.726 1.069) (layer F.SilkS) (width 0.12))
    (fp_line (start -2.8 4.16) (end -2.8 4.9) (layer F.SilkS) (width 0.12))
    (fp_line (start -2.8 4.9) (end -2.3 4.9) (layer F.SilkS) (width 0.12))
    (fp_line (start -3 -5.75) (end -3 5.1) (layer F.CrtYd) (width 0.05))
    (fp_line (start -3 5.1) (end 8 5.1) (layer F.CrtYd) (width 0.05))
    (fp_line (start 8 5.1) (end 8 -5.75) (layer F.CrtYd) (width 0.05))
    (fp_line (start 8 -5.75) (end -3 -5.75) (layer F.CrtYd) (width 0.05))
    (fp_text user %R (at 2.5 3.2 90) (layer F.Fab)
      (effects (font (size 1 1) (thickness 0.15)))
    )
    (pad 1 thru_hole rect (at 0 0 90) (size 2.6 2.6) (drill 1.3) (layers *.Cu *.Mask)
      (net 1 GND))
    (pad 2 thru_hole circle (at 5 0 90) (size 2.6 2.6) (drill 1.3) (layers *.Cu *.Mask)
      (net 5 "Net-(P1-Pad2)"))
    (model ${KISYS3DMOD}/Terminal_Blocks.3dshapes/TerminalBlock_Pheonix_MKDS1.5-2pol.wrl
      (offset (xyz 2.54 0 0))
      (scale (xyz 1 1 1))
      (rotate (xyz 0 0 0))
    )
  )

  (module discret:C2V10 (layer top_cu) (tedit 54A57B4C) (tstamp 54A581E5)
    (at 139.446 97.282 90)
    (descr "Condensateur polarise")
    (tags CP)
    (path /4549F4BE)
    (fp_text reference C1 (at 0 2.54 90) (layer F.SilkS)
      (effects (font (size 1.27 1.27) (thickness 0.254)))
    )
    (fp_text value 10uF (at 0 -2.54 90) (layer F.SilkS)
      (effects (font (size 1.27 1.27) (thickness 0.254)))
    )
    (fp_circle (center 0 0) (end 4.826 -2.794) (layer F.SilkS) (width 0.3048))
    (pad 1 thru_hole rect (at -2.54 0 90) (size 1.778 1.778) (drill 1.016) (layers *.Cu *.Mask F.SilkS)
      (net 2 "Net-(C1-Pad1)"))
    (pad 2 thru_hole circle (at 2.54 0 90) (size 1.778 1.778) (drill 1.016) (layers *.Cu *.Mask F.SilkS)
      (net 1 GND))
    (model Discret.3dshapes/C2V10.wrl
      (at (xyz 0 0 0))
      (scale (xyz 1 1 1))
      (rotate (xyz 0 0 0))
    )
  )

  (module discret:C2 (layer top_cu) (tedit 54A57B4C) (tstamp 54A581EA)
    (at 137.16 122.555 90)
    (descr "Condensateur = 2 pas")
    (tags C)
    (path /4549F3BE)
    (fp_text reference C2 (at 0 0 90) (layer F.SilkS)
      (effects (font (size 1.016 1.016) (thickness 0.2032)))
    )
    (fp_text value 680nF (at 0 0 90) (layer F.SilkS) hide
      (effects (font (size 1.016 1.016) (thickness 0.2032)))
    )
    (fp_line (start -3.556 -1.016) (end 3.556 -1.016) (layer F.SilkS) (width 0.3048))
    (fp_line (start 3.556 -1.016) (end 3.556 1.016) (layer F.SilkS) (width 0.3048))
    (fp_line (start 3.556 1.016) (end -3.556 1.016) (layer F.SilkS) (width 0.3048))
    (fp_line (start -3.556 1.016) (end -3.556 -1.016) (layer F.SilkS) (width 0.3048))
    (fp_line (start -3.556 -0.508) (end -3.048 -1.016) (layer F.SilkS) (width 0.3048))
    (pad 1 thru_hole circle (at -2.54 0 90) (size 1.397 1.397) (drill 0.8128) (layers *.Cu *.Mask F.SilkS)
      (net 3 "Net-(C2-Pad1)"))
    (pad 2 thru_hole circle (at 2.54 0 90) (size 1.397 1.397) (drill 0.8128) (layers *.Cu *.Mask F.SilkS)
      (net 4 "Net-(C2-Pad2)"))
    (model Discret.3dshapes/C2.wrl
      (at (xyz 0 0 0))
      (scale (xyz 1 1 1))
      (rotate (xyz 0 0 0))
    )
  )

  (module connect:1pin (layer top_cu) (tedit 54A588DF) (tstamp 54A58203)
    (at 127 93.98)
    (descr "module 1 pin (ou trou mecanique de percage)")
    (tags DEV)
    (path /54A5890A)
    (fp_text reference P5 (at 0 -3) (layer F.SilkS) hide
      (effects (font (size 1 1) (thickness 0.15)))
    )
    (fp_text value CONN_1 (at 0 2) (layer F.SilkS) hide
      (effects (font (size 1 1) (thickness 0.15)))
    )
    (fp_circle (center 0 0) (end 0 -2) (layer F.SilkS) (width 0.15))
    (pad 1 thru_hole circle (at 0 0) (size 4 4) (drill 3) (layers *.Cu *.Mask F.SilkS)
      (net 10 "Net-(P5-Pad1)"))
  )

  (module connect:1pin (layer top_cu) (tedit 54A588E7) (tstamp 54A58207)
    (at 165.1 93.98)
    (descr "module 1 pin (ou trou mecanique de percage)")
    (tags DEV)
    (path /54A58C65)
    (fp_text reference P6 (at 0 -3) (layer F.SilkS) hide
      (effects (font (size 1 1) (thickness 0.15)))
    )
    (fp_text value CONN_1 (at 0 2) (layer F.SilkS) hide
      (effects (font (size 1 1) (thickness 0.15)))
    )
    (fp_circle (center 0 0) (end 0 -2) (layer F.SilkS) (width 0.15))
    (pad 1 thru_hole circle (at 0 0) (size 4 4) (drill 3) (layers *.Cu *.Mask F.SilkS)
      (net 11 "Net-(P6-Pad1)"))
  )

  (module connect:1pin (layer top_cu) (tedit 54A588EE) (tstamp 54A5820B)
    (at 165.1 133.731)
    (descr "module 1 pin (ou trou mecanique de percage)")
    (tags DEV)
    (path /54A58C8A)
    (fp_text reference P7 (at 0 -3) (layer F.SilkS) hide
      (effects (font (size 1 1) (thickness 0.15)))
    )
    (fp_text value CONN_1 (at 0 2) (layer F.SilkS) hide
      (effects (font (size 1 1) (thickness 0.15)))
    )
    (fp_circle (center 0 0) (end 0 -2) (layer F.SilkS) (width 0.15))
    (pad 1 thru_hole circle (at 0 0) (size 4 4) (drill 3) (layers *.Cu *.Mask F.SilkS)
      (net 12 "Net-(P7-Pad1)"))
  )

  (module connect:1pin (layer top_cu) (tedit 54A588F3) (tstamp 54A5820F)
    (at 127 133.731)
    (descr "module 1 pin (ou trou mecanique de percage)")
    (tags DEV)
    (path /54A58CA3)
    (fp_text reference P8 (at 0 -3) (layer F.SilkS) hide
      (effects (font (size 1 1) (thickness 0.15)))
    )
    (fp_text value CONN_1 (at 0 2) (layer F.SilkS) hide
      (effects (font (size 1 1) (thickness 0.15)))
    )
    (fp_circle (center 0 0) (end 0 -2) (layer F.SilkS) (width 0.15))
    (pad 1 thru_hole circle (at 0 0) (size 4 4) (drill 3) (layers *.Cu *.Mask F.SilkS)
      (net 13 "Net-(P8-Pad1)"))
  )

  (module discret:R3 (layer top_cu) (tedit 54A57B4C) (tstamp 54A58213)
    (at 135.89 111.76 270)
    (descr "Resitance 3 pas")
    (tags R)
    (path /4549F38A)
    (autoplace_cost180 10)
    (fp_text reference R1 (at 0 0.127 270) (layer F.SilkS) hide
      (effects (font (size 1.397 1.27) (thickness 0.2032)))
    )
    (fp_text value 1.5K (at 0 0.127 270) (layer F.SilkS)
      (effects (font (size 1.397 1.27) (thickness 0.2032)))
    )
    (fp_line (start -3.81 0) (end -3.302 0) (layer F.SilkS) (width 0.2032))
    (fp_line (start 3.81 0) (end 3.302 0) (layer F.SilkS) (width 0.2032))
    (fp_line (start 3.302 0) (end 3.302 -1.016) (layer F.SilkS) (width 0.2032))
    (fp_line (start 3.302 -1.016) (end -3.302 -1.016) (layer F.SilkS) (width 0.2032))
    (fp_line (start -3.302 -1.016) (end -3.302 1.016) (layer F.SilkS) (width 0.2032))
    (fp_line (start -3.302 1.016) (end 3.302 1.016) (layer F.SilkS) (width 0.2032))
    (fp_line (start 3.302 1.016) (end 3.302 0) (layer F.SilkS) (width 0.2032))
    (fp_line (start -3.302 -0.508) (end -2.794 -1.016) (layer F.SilkS) (width 0.2032))
    (pad 1 thru_hole circle (at -3.81 0 270) (size 1.397 1.397) (drill 0.8128) (layers *.Cu *.Mask F.SilkS)
      (net 8 "Net-(R1-Pad1)"))
    (pad 2 thru_hole circle (at 3.81 0 270) (size 1.397 1.397) (drill 0.8128) (layers *.Cu *.Mask F.SilkS)
      (net 4 "Net-(C2-Pad2)"))
    (model Discret.3dshapes/R3.wrl
      (at (xyz 0 0 0))
      (scale (xyz 0.3 0.3 0.3))
      (rotate (xyz 0 0 0))
    )
  )

  (module discret:R3 (layer top_cu) (tedit 54A57B4C) (tstamp 54A58218)
    (at 151.257 97.79 180)
    (descr "Resitance 3 pas")
    (tags R)
    (path /4549F39D)
    (autoplace_cost180 10)
    (fp_text reference R2 (at 0 1.905) (layer F.SilkS) hide
      (effects (font (size 1.397 1.27) (thickness 0.2032)))
    )
    (fp_text value 1.5K (at -0.254 0) (layer F.SilkS)
      (effects (font (size 1.397 1.27) (thickness 0.2032)))
    )
    (fp_line (start -3.81 0) (end -3.302 0) (layer F.SilkS) (width 0.2032))
    (fp_line (start 3.81 0) (end 3.302 0) (layer F.SilkS) (width 0.2032))
    (fp_line (start 3.302 0) (end 3.302 -1.016) (layer F.SilkS) (width 0.2032))
    (fp_line (start 3.302 -1.016) (end -3.302 -1.016) (layer F.SilkS) (width 0.2032))
    (fp_line (start -3.302 -1.016) (end -3.302 1.016) (layer F.SilkS) (width 0.2032))
    (fp_line (start -3.302 1.016) (end 3.302 1.016) (layer F.SilkS) (width 0.2032))
    (fp_line (start 3.302 1.016) (end 3.302 0) (layer F.SilkS) (width 0.2032))
    (fp_line (start -3.302 -0.508) (end -2.794 -1.016) (layer F.SilkS) (width 0.2032))
    (pad 1 thru_hole circle (at -3.81 0 180) (size 1.397 1.397) (drill 0.8128) (layers *.Cu *.Mask F.SilkS)
      (net 9 "Net-(R2-Pad1)"))
    (pad 2 thru_hole circle (at 3.81 0 180) (size 1.397 1.397) (drill 0.8128) (layers *.Cu *.Mask F.SilkS)
      (net 1 GND))
    (model Discret.3dshapes/R3.wrl
      (at (xyz 0 0 0))
      (scale (xyz 0.3 0.3 0.3))
      (rotate (xyz 0 0 0))
    )
  )

  (module discret:R3 (layer top_cu) (tedit 54A57B4C) (tstamp 54A58222)
    (at 164.465 121.285 270)
    (descr "Resitance 3 pas")
    (tags R)
    (path /4549F3A2)
    (autoplace_cost180 10)
    (fp_text reference R4 (at 0.254 2.286 270) (layer F.SilkS) hide
      (effects (font (size 1.397 1.27) (thickness 0.2032)))
    )
    (fp_text value 47K (at 0 0.127 270) (layer F.SilkS)
      (effects (font (size 1.397 1.27) (thickness 0.2032)))
    )
    (fp_line (start -3.81 0) (end -3.302 0) (layer F.SilkS) (width 0.2032))
    (fp_line (start 3.81 0) (end 3.302 0) (layer F.SilkS) (width 0.2032))
    (fp_line (start 3.302 0) (end 3.302 -1.016) (layer F.SilkS) (width 0.2032))
    (fp_line (start 3.302 -1.016) (end -3.302 -1.016) (layer F.SilkS) (width 0.2032))
    (fp_line (start -3.302 -1.016) (end -3.302 1.016) (layer F.SilkS) (width 0.2032))
    (fp_line (start -3.302 1.016) (end 3.302 1.016) (layer F.SilkS) (width 0.2032))
    (fp_line (start 3.302 1.016) (end 3.302 0) (layer F.SilkS) (width 0.2032))
    (fp_line (start -3.302 -0.508) (end -2.794 -1.016) (layer F.SilkS) (width 0.2032))
    (pad 1 thru_hole circle (at -3.81 0 270) (size 1.397 1.397) (drill 0.8128) (layers *.Cu *.Mask F.SilkS)
      (net 5 "Net-(P1-Pad2)"))
    (pad 2 thru_hole circle (at 3.81 0 270) (size 1.397 1.397) (drill 0.8128) (layers *.Cu *.Mask F.SilkS)
      (net 1 GND))
    (model Discret.3dshapes/R3.wrl
      (at (xyz 0 0 0))
      (scale (xyz 0.3 0.3 0.3))
      (rotate (xyz 0 0 0))
    )
  )

  (gr_line (start 123.825 136.525) (end 168.275 136.525) (angle 90) (layer Edge.Cuts) (width 0.127))
  (gr_line (start 168.275 90.805) (end 123.825 90.805) (angle 90) (layer Edge.Cuts) (width 0.127))
  (gr_line (start 168.275 90.805) (end 168.275 136.525) (angle 90) (layer Edge.Cuts) (width 0.127) (tstamp 5A3345B3))
  (gr_line (start 123.825 90.805) (end 123.825 136.525) (angle 90) (layer Edge.Cuts) (width 0.127))

  (segment (start 142.24 95.25) (end 146.05 95.25) (width 0.8) (layer bottom_cu) (net 1))
  (segment (start 164.465 125.095) (end 164.465 124.46) (width 0.8) (layer bottom_cu) (net 1) (status 800))
  (segment (start 147.447 97.79) (end 146.05 95.25) (width 0.8) (layer bottom_cu) (net 1) (status 10))
  (segment (start 139.065 95.25) (end 142.24 95.25) (width 0.8) (layer bottom_cu) (net 1))
  (segment (start 139.446 94.742) (end 139.065 95.25) (width 0.8) (layer bottom_cu) (net 1) (status 810))
  (segment (start 139.446 99.822) (end 129.159 99.822) (width 0.8) (layer bottom_cu) (net 2))
  (segment (start 129.159 99.822) (end 128.27 100.711) (width 0.8) (layer bottom_cu) (net 2))
  (segment (start 145.7706 108.91012) (end 145.7706 103.8606) (width 0.8) (layer bottom_cu) (net 2))
  (segment (start 145.7706 103.8606) (end 141.732 99.822) (width 0.8) (layer bottom_cu) (net 2))
  (segment (start 141.732 99.822) (end 139.446 99.822) (width 0.8) (layer bottom_cu) (net 2))
  (segment (start 132.08 121.059172) (end 132.08 114.4224) (width 0.8) (layer bottom_cu) (net 3))
  (segment (start 132.08 114.4224) (end 130.4336 112.776) (width 0.8) (layer bottom_cu) (net 3))
  (segment (start 130.4336 112.776) (end 128.27 112.776) (width 0.8) (layer bottom_cu) (net 3))
  (segment (start 133.858 123.825) (end 133.858 122.837172) (width 0.8) (layer bottom_cu) (net 3))
  (segment (start 133.858 122.837172) (end 132.08 121.059172) (width 0.8) (layer bottom_cu) (net 3))
  (segment (start 133.985 125.095) (end 133.858 124.968) (width 0.8) (layer bottom_cu) (net 3))
  (segment (start 133.858 124.968) (end 133.858 123.825) (width 0.8) (layer bottom_cu) (net 3))
  (segment (start 137.16 125.095) (end 133.985 125.095) (width 0.8) (layer bottom_cu) (net 3))
  (segment (start 137.16 120.015) (end 137.16 115.57) (width 0.8) (layer bottom_cu) (net 4))
  (segment (start 135.89 115.57) (end 137.16 115.57) (width 0.8) (layer bottom_cu) (net 4))
  (segment (start 137.16 115.57) (end 143.49984 115.57) (width 0.8) (layer bottom_cu) (net 4))
  (segment (start 143.49984 115.57) (end 143.61668 115.45316) (width 0.8) (layer bottom_cu) (net 4))
  (segment (start 162.450001 101.582999) (end 161.417 102.616) (width 0.8) (layer bottom_cu) (net 5))
  (segment (start 161.417 102.616) (end 161.417 106.506) (width 0.8) (layer bottom_cu) (net 5))
  (segment (start 164.592 100.283) (end 163.292001 101.582999) (width 0.8) (layer bottom_cu) (net 5))
  (segment (start 163.292001 101.582999) (end 162.450001 101.582999) (width 0.8) (layer bottom_cu) (net 5))
  (segment (start 161.417 106.506) (end 161.417 111.4806) (width 0.8) (layer bottom_cu) (net 5))
  (segment (start 161.417 111.4806) (end 157.4038 115.4938) (width 0.8) (layer bottom_cu) (net 5))
  (segment (start 159.385 117.475) (end 164.465 117.475) (width 0.8) (layer bottom_cu) (net 5) (status 400))
  (segment (start 154.83332 115.4938) (end 157.4038 115.4938) (width 0.8) (layer bottom_cu) (net 5) (status 800))
  (segment (start 157.4038 115.4938) (end 159.385 117.475) (width 0.8) (layer bottom_cu) (net 5))
  (segment (start 145.7706 118.41988) (end 145.7706 124.587) (width 0.8) (layer bottom_cu) (net 6))
  (segment (start 145.7706 124.587) (end 145.7706 126.492) (width 0.8) (layer bottom_cu) (net 6))
  (segment (start 145.368 129.54) (end 145.368 127.701523) (width 0.8) (layer bottom_cu) (net 6))
  (segment (start 145.368 127.701523) (end 145.7706 127.298923) (width 0.8) (layer bottom_cu) (net 6))
  (segment (start 145.7706 127.298923) (end 145.7706 126.492) (width 0.8) (layer bottom_cu) (net 6))
  (segment (start 149.86 111.125) (end 149.86 124.841) (width 0.8) (layer bottom_cu) (net 7))
  (segment (start 150.542 131.191) (end 150.542 125.523) (width 0.8) (layer bottom_cu) (net 7))
  (segment (start 150.542 125.523) (end 149.86 124.841) (width 0.8) (layer bottom_cu) (net 7))
  (segment (start 149.225 110.49) (end 149.86 111.125) (width 0.8) (layer bottom_cu) (net 7))
  (segment (start 149.225 107.7722) (end 149.225 110.49) (width 0.8) (layer bottom_cu) (net 7) (status 800))
  (segment (start 149.225 107.7722) (end 151.54148 107.7722) (width 0.8) (layer bottom_cu) (net 7) (status 800))
  (segment (start 151.54148 107.7722) (end 152.6794 108.91012) (width 0.8) (layer bottom_cu) (net 7) (status 400))
  (segment (start 139.065 132.240853) (end 140.879459 134.055312) (width 0.8) (layer bottom_cu) (net 8))
  (segment (start 135.509 121.031) (end 136.398 121.92) (width 0.8) (layer bottom_cu) (net 8))
  (segment (start 139.065 124.46) (end 139.065 132.240853) (width 0.8) (layer bottom_cu) (net 8))
  (segment (start 135.89 107.95) (end 135.255 107.95) (width 0.8) (layer bottom_cu) (net 8))
  (segment (start 136.525 121.92) (end 139.065 124.46) (width 0.8) (layer bottom_cu) (net 8))
  (segment (start 135.255 107.95) (end 133.985 109.22) (width 0.8) (layer bottom_cu) (net 8))
  (segment (start 136.398 121.92) (end 136.525 121.92) (width 0.8) (layer bottom_cu) (net 8))
  (segment (start 135.509 117.729) (end 135.509 121.031) (width 0.8) (layer bottom_cu) (net 8))
  (segment (start 133.985 109.22) (end 133.985 116.205) (width 0.8) (layer bottom_cu) (net 8))
  (segment (start 133.985 116.205) (end 135.509 117.729) (width 0.8) (layer bottom_cu) (net 8))
  (segment (start 140.879459 134.055312) (end 152.250834 134.055312) (width 0.8) (layer bottom_cu) (net 8))
  (segment (start 152.250834 134.055312) (end 154.94 131.366146) (width 0.8) (layer bottom_cu) (net 8))
  (segment (start 154.94 131.366146) (end 154.94 120.68048) (width 0.8) (layer bottom_cu) (net 8))
  (segment (start 154.94 120.68048) (end 152.6794 118.41988) (width 0.8) (layer bottom_cu) (net 8))
  (segment (start 143.61668 111.8362) (end 141.6812 111.8362) (width 0.8) (layer bottom_cu) (net 8) (status 800))
  (segment (start 141.6812 111.8362) (end 137.795 107.95) (width 0.8) (layer bottom_cu) (net 8))
  (segment (start 135.89 107.95) (end 137.795 107.95) (width 0.8) (layer bottom_cu) (net 8) (status 800))
  (segment (start 154.94 121.31548) (end 154.94 121.31548) (width 0.8) (layer bottom_cu) (net 8))
  (segment (start 154.83332 111.8362) (end 154.83332 111.23168) (width 0.8) (layer bottom_cu) (net 9) (status 800))
  (segment (start 159.385 106.68) (end 159.385 99.695) (width 0.8) (layer bottom_cu) (net 9))
  (segment (start 154.83332 111.23168) (end 159.385 106.68) (width 0.8) (layer bottom_cu) (net 9))
  (segment (start 157.48 97.79) (end 159.385 99.695) (width 0.8) (layer bottom_cu) (net 9))
  (segment (start 155.067 97.79) (end 157.48 97.79) (width 0.8) (layer bottom_cu) (net 9) (status 810))

  (zone (net 1) (net_name GND) (layer bottom_cu) (tstamp 4EED97A2) (hatch edge 0.508)
    (connect_pads (clearance 0.635))
    (min_thickness 0.381)
    (fill yes (arc_segments 32) (thermal_gap 0.254) (thermal_bridge_width 0.50038))
    (polygon
      (pts
        (xy 167.513 136.525) (xy 167.894 91.313) (xy 124.714 91.313) (xy 124.333 136.525)
      )
    )
    (filled_polygon
      (pts
        (xy 163.298849 91.785291) (xy 162.905291 92.178849) (xy 162.596075 92.641624) (xy 162.383083 93.155832) (xy 162.2745 93.701713)
        (xy 162.2745 94.258287) (xy 162.383083 94.804168) (xy 162.596075 95.318376) (xy 162.905291 95.781151) (xy 163.298849 96.174709)
        (xy 163.761624 96.483925) (xy 164.275832 96.696917) (xy 164.821713 96.8055) (xy 165.378287 96.8055) (xy 165.924168 96.696917)
